[gd_scene load_steps=6 format=3 uid="uid://b284ht6hyonvl"]

[ext_resource type="PackedScene" uid="uid://btijedknbyj4l" path="res://models/Van/VANglb.glb" id="1_q72qt"]

[sub_resource type="BoxShape3D" id="BoxShape3D_a44op"]
size = Vector3(0.157532, 1.66754, 0.786133)

[sub_resource type="BoxShape3D" id="BoxShape3D_khgaj"]
size = Vector3(0.156738, 1.95941, 4.07608)

[sub_resource type="BoxShape3D" id="BoxShape3D_fv6tx"]
size = Vector3(1.92065, 1, 1)

[sub_resource type="BoxShape3D" id="BoxShape3D_qg74f"]
size = Vector3(1.9516, 1.85748, 0.998535)

[node name="van" instance=ExtResource("1_q72qt")]

[node name="door_rear_left_grp_001" parent="Sketchfab_model/fda76ce0bc864173b7f726f5e1e3a41d_fbx/RootNode/geo_grp_painter1_001" index="2"]
transform = Transform3D(-0.241092, 2.69369e-14, 0.970502, 0.0292991, 0.999544, 0.00727847, -0.97006, 0.0301896, -0.240982, -47.0337, -4.54486e-12, -163.746)

[node name="door_rear_right_grp_001" parent="Sketchfab_model/fda76ce0bc864173b7f726f5e1e3a41d_fbx/RootNode/geo_grp_painter1_001" index="3"]
transform = Transform3D(-0.390506, -4.50494e-09, -0.9206, -0.0348581, 0.999282, 0.0147864, 0.91994, 0.0378646, -0.390226, 62.4242, -0.254905, -168.667)

[node name="pCube80_van_european_delivery_glass_shd_0" parent="Sketchfab_model/fda76ce0bc864173b7f726f5e1e3a41d_fbx/RootNode/geo_grp_painter1_001/door_rear_right_grp_001/pCube80_001" index="0"]
transform = Transform3D(1, 0, 0, 0, 1, -3.38813e-21, 0, 3.38813e-21, 1, 0, 0, 0)

[node name="wheel_front_ply5_001" parent="Sketchfab_model/fda76ce0bc864173b7f726f5e1e3a41d_fbx/RootNode/geo_grp_painter1_001" index="24"]
transform = Transform3D(1, 0, 0, 0, 1, -1.69407e-21, 0, 1.69407e-21, 1, 0, 0, 0)

[node name="StaticBody3D" type="StaticBody3D" parent="." index="1"]
transform = Transform3D(0.900296, 0, -0.435278, 0, 1, 0, 0.435278, 0, 0.900296, 0.954912, 1.5903, -1.05148)

[node name="CollisionShape3D" type="CollisionShape3D" parent="StaticBody3D" index="0"]
transform = Transform3D(1, 0, -2.98023e-08, 0, 1, 0, 2.98023e-08, 0, 1, 0, 0, 0)
shape = SubResource("BoxShape3D_a44op")

[node name="CollisionShape3D2" type="CollisionShape3D" parent="StaticBody3D" index="1"]
transform = Transform3D(0.73929, 0, 0.673387, 0, 1, 0, -0.673387, 0, 0.73929, -1.69361, 0, 0.800708)
shape = SubResource("BoxShape3D_a44op")

[node name="CollisionShape3D3" type="CollisionShape3D" parent="StaticBody3D" index="2"]
transform = Transform3D(0.881816, -0.0437909, 0.46957, 0.0486049, 0.998816, 0.00187218, -0.469096, 0.0211722, 0.882901, 1.10455, -0.168304, 2.37017)
shape = SubResource("BoxShape3D_khgaj")

[node name="CollisionShape3D4" type="CollisionShape3D" parent="StaticBody3D" index="3"]
transform = Transform3D(0.895475, 0.0490321, 0.44242, -0.0544609, 0.998516, -0.000433307, -0.441784, -0.0237062, 0.896816, -0.624099, -0.168304, 3.20594)
shape = SubResource("BoxShape3D_khgaj")

[node name="CollisionShape3D5" type="CollisionShape3D" parent="StaticBody3D" index="4"]
transform = Transform3D(0.0092639, 0.900207, 0.435369, -0.999876, 0.0141367, -0.00795526, -0.0133159, -0.435235, 0.900226, 0.225868, 0.798726, 2.73691)
shape = SubResource("BoxShape3D_khgaj")

[node name="CollisionShape3D8" type="CollisionShape3D" parent="StaticBody3D" index="5"]
transform = Transform3D(0.0092639, 0.900207, 0.435369, -0.999876, 0.0141367, -0.00795526, -0.0133159, -0.435235, 0.900226, 0.225868, -1.0046, 2.73691)
shape = SubResource("BoxShape3D_khgaj")

[node name="CollisionShape3D6" type="CollisionShape3D" parent="StaticBody3D" index="6"]
transform = Transform3D(0.903249, 0, 0.429141, 0, 1, 0, -0.429141, 0, 0.903249, 1.31847, -0.742363, 4.93189)
shape = SubResource("BoxShape3D_fv6tx")

[node name="CollisionShape3D7" type="CollisionShape3D" parent="StaticBody3D" index="7"]
transform = Transform3D(-0.911504, 0, -0.411292, 0, 1, 0, 0.411292, 0, -0.911504, 0.971201, -0.0745882, 4.17456)
shape = SubResource("BoxShape3D_qg74f")
